% kP=-355.5263;
% kI=10255.968;
% kD=-1.245;

kP = -558.3481
kI = -13776.6318
kD = -0.87072